896 ' moen

3430033 2, 27. vin 033 triumphum 00030043 i.
44400033 2, 004. 030.
444044 4, 042. 2, 408. 269. 43043000 morbi 2, 236.
’4033343 4, 43. 63. 402. 480. 2, 433. 4300344433 «excedere» 4, 443.
375. 443 30. 43030433 {onon omninoque 2, iii.
4000 0340 2, nni. - 4000 030330, trecenti de permultis 4, 372.
0400043, 04340 2, 46 sq. - 40003 43303333 0330 000033 2, 337. - 433-
4333033 2, 344. menies ripae 4, 433.
4000403 (43430433) 2, 734. 4330333403 ennius 4, 608.
4044333 norem 4, 684. - 4044333 fl— 43304οα33 4, 268. 320. 309. - 43304
440333 2, 300. - 4044333 hominem 0033 03 nque 2, 478.
lapsum 2, iiii. 733. - 4044333 4330403033 nortem» 2, 4434. - trepidis
0034400030 2, 742. - 4044333 30- 40330333 4,343.
030440 03300 2, nni. — 4044333040ιο 43400443 2, 603.
2, 763. - 4044333 000330 2, 707. - 4340033 2, 424.
4044333 0434043 00330440 2, 665 sq. 4344433003 03 (Cerberi) 4, 323. 442.
- 4044333 rinno 2, 347. - 4044333 43400033 4, 076.
03344330 4, 436. - 4044333 «delere» 4343333343 03 quolibet magne 0304 4,
4, 2344. - 4044333 «recidere- 2, 69. 333. 2, 387.
- 4044333 40040333, 00333403 4, 730. 4343443 4,233.-434344330034033 4232.
- 40444 40 0300433 4, 363. -4343443 «iniquo menie· 2, 4403-
40044333 entem 2, 4403. - 40030 4430 4343443 003303 2, 432. - 4343433034
iiiii. 2, 402. »- nemimem.
moseres 2, 432. - 4343433 irae 4, 404.
7003434033 2, 432. 463. 4340330003 opimo 4, 4400.
40304 2, 423. - 4030440 2, 234. 7340303434 capitales 4, 667.
4030330400 0033300333 de vino 4, 462. 4340443 400044 2, 744.
40333044 033303 2, 773. 7300433303 030 spondeo in 43334 333-
4030333 344003 33 2, 342. 303 04000034 4, 93.
torquere 40040303 2, 666. — torquere 43034303 4, 434. 2, 770.
30330, eino 2, 4448. 778. —· 40300334 43044330 2, 336.
03 00343 2, 660. - 403403 403343 2, 4300 0340003 4, 26. “
483. in pronomen omissum 2, 338.
torrere de 330033 4, 480. - 4033333 400 (femin.) 3433013343 4, 99.
4300304424. ’ mammiano-re
403003 4, 330. 33330433 000033 2, 734.
40403 433 344003 33 2, 448. 40304003 2, 432.
oximam 4, 744. nomer 004034, 003043 2, 233.
43063 03 443040 4, 822. - 43003300- 430004403 03 bello internecivo ⁴2⁵⁵st
30344403 4,342. -400304403 0330443 4,298.
43004033 030300 4, 232. 662. 4000333 0303 enno 2, 773.
4300403 «regiones» 4, 430. 400400 oeno 2, 383. - 40334003 03-
tradere «commendere» aliquem eii- 3043303, 3000330403 2, 27 sq.
oui 2, 437. 472. 4464. 4004304333 popeline 2, 462.
traducere 0300333, 044003 2, 308. 40343404 (venii) 4, 343.
4300030403 44030 3303303 4, 244. - 40300 03 rhombo megine 4, 737.
'tragoediae 34 comoediae primordie 403003 2, 422. - 40304 300033 4, 644.
2, 780 sqq. 4030400333 more 4, 28.
43043333 feminam 3304303 4, 34. - 40303 304030 4, 243.
ornere 333403 n, 33. - enom 330033 0032633.- 0004433443
003040 4, 743. - troii 03 03044- 403 2, iis.

 

