8⁴⁴ 40444404. 44444 444.

0044400440444004444440444444004443 4404444444 044444444444404 4404444444
444444. v. 66. - 444444· orat 4400404 4004 4444444440. 444444. 330.
consummator. 444444. v. 84. · 44040404. 4404444444 0044 404-444·

’ 4404444404. 44444040 00404440440044- morem 044. C. ⁴, 43, 33. - 4444444

444444044, 4400404444 C. 3, 6, 3. - 04400444. C. 3, 46, 40.- 440044-
440040004440. C. 3, 9, 6. 4400400444 044400400444444000044). (4.3,334
Micon 40404. C. ⁴, 3, 33 --Romana sign. 44404 440004444ου4044. C.
pubes.C.„.·-⁴⁴⁴6 -.44404400400004 4,8,.-33 0044444400ιο44.44444.4.
carm. 44066--441404444004044440- 34.- 4404444444 44 44444· 0444. 800
400044οω4400. Εο0444 6 3,46.

acerba [040 4400404404 004404. 444444. v. 44040404, 4444404. 0044044 44044444
44. - 4400444044 404000400444 [4044004. 044404 040444. C. ⁴, 6, 4. - 4404444444
Epod. 9, 44. - 4440 04044· 444, 44404 04044. carm. 440. 44.

444, 44004004, 400440. 844. 4, 4, 86. - 44040404 (Q), comoedus. 40044
Quod 404444 0044444 44040 44004000 444· 44044444. Εο0. 3, 4, 83.

6400. 844. 4, 6, 46. - 44004000 044- 44044404, 44044444 aequalis. 8444.
44440 (venatio). 844. 3, 3, 49. - 440- 6, 344.

04000 4440404444. 444444. v. 63. - Ro· 3040040440. (4..)04440444044414
040004 00 4404044. 844. 3, 4, 40. - 040. 440044. 4, 46.

44004000 4044440. 844. 3, 4, 64. - 04 44040404, 44444041404040440800.
0440000440 44004440 incurreremus. 4, 4, 63.

844. 3, 4, 34. - Quodsi 044 00044444 4404444. 4444044444 0 4404644 4444444
4400400444 forto 40044 cet. Epp. 4, 4, 044 40040440 mmor. 844. 3, 6, 69.
40. - 44004040 40 040. 400. 4,3,9. 44044, 4444444440· 0404444444. 844.
- 000 4444400000 4000444. Epp 4, 4, 44, 94.

43, 344. - (4404440) 440040044 40444- 44044, nomen. 844. 3, 3, 346.
4440444444 0004. 4400. 4, 48, 49. ·- 440444404. 4404444404 44404444 0444.
44040004 4444040444. 4400. 3, 4, 39. - 8444. 4, 3, 34. 44 Sat. 4, 4, 93.
000440404404000440044044 040440. 300. 440404 4440044404. Vide 44444044-
3, 3, 94. - Quid 00404440 9404440004 4404 440404. (Sat. 3, 6, 53.)

440644 4400404444 cet. Art. 0044. 444. 4404444404 Imm). 0404444044444044
- 44000404 4044444 0404444044. 444444. 4404404404οω044444440. 844.4,4,4.
443. - 44040 4400404444 04040444 40- 44040. 4440400404444044,444444404414
44404444 004444. 444444. 364. - Ν44 40- 44444404 04444. 844. ⁴, 3, 86.
440404404 004444 4404444 004404. 46444, 4404044. 44444404 (gladium). 844
0386-440400040044440004440- 3,4,96. ’

844444. Non 0040 4444440444 80440404 444 4404044 8044044. C. 3, 46, 44. -
44404444. (4.4,39, 3. 0044804400. 0.3,4,44. -044444
8444444, 404444 0440444400 8044040. 8064004. (4.3, 4, 33. -80444404440
Sat. ⁴, 9, 69. 410044. 3, 44. - 00044444 00444 4044
8444444404. 80444444 4400444444. C. 3, 4000 8044400. 844. 3, 4, 448. - 044·
6, 38. - 80444444 00444400. 410044, 44, 4404 sabinum. Epp. ⁴, 4, 44. - 444
38-8044444000444. 844.4,9,39.- 64404404400444044044444040444484·

0044844440. 8443,,4 36. -440444 444044. Εο0. 3, 4, 36.

0404404044 80444404. 4400. 4, 46, 49. 84444404. 44044444 44 Torquatum}
84444404. 80444440 444040. C ⁴ 9,.4 004. 800, 4, 6,.34
-4444804444440 (4.4,,.364- 44400 84044444 80440000444444444

4448044400. (4.4,33,9.- 804444440- 004. 440041.4,.4-1040044440444444·

 

